           2   5.7355214037219295E-003   5.6170661218691706E-003
           3   7.6957685990944212E-003   7.5323345220181994E-003
           4   8.4154353225215865E-003   8.2343700461500174E-003
           5   8.6910527275897796E-003   8.5029428919328673E-003
           6   8.7996488856734584E-003   8.6086828013785584E-003
           7   8.8435390157653778E-003   8.6513951625179601E-003
           8   8.8618932182473777E-003   8.6692498022498451E-003
           9   8.8700462906976599E-003   8.6771788737422303E-003
          10   8.8740901109207494E-003   8.6811110906199578E-003
          11   8.8764688123461194E-003   8.6834241477495057E-003
          12   8.8781697964560504E-003   8.6850783353727441E-003
          13   8.8795940429464218E-003   8.6864635239590638E-003
          14   8.8809049884942034E-003   8.6877385840496424E-003
          15   8.8821693376893284E-003   8.6889683732850904E-003
          16   8.8834145633129614E-003   8.6901795664697419E-003
          17   8.8846518023125778E-003   8.6913830059559861E-003
          18   8.8858857264511922E-003   8.6925832189551945E-003
          19   8.8871181948655831E-003   8.6937820169005614E-003
          20   8.8883500498877811E-003   8.6949802071421538E-003
          21   8.8895814531379565E-003   8.6961779776729333E-003
          22   8.8908126867854459E-003   8.6973755737571774E-003
          23   8.8920438151930108E-003   8.6985730542658238E-003
          24   8.8932746807640784E-003   8.6997703016080778E-003
          25   8.8945054927960839E-003   8.7009674832277759E-003
          26   8.8957362348846027E-003   8.7021645853412200E-003
          27   8.8969668009877805E-003   8.7033615247353487E-003
          28   8.8981972053688296E-003   8.7045583133246850E-003
          29   8.8994274846964355E-003   8.7057549783358130E-003
          30   8.9006576810511384E-003   8.7069515553391732E-003
          31   8.9018877615877606E-003   8.7081480158966718E-003
          32   8.9031177827741028E-003   8.7093444086286994E-003
          33   8.9043475317467664E-003   8.7105405612055535E-003
          34   8.9055773270628642E-003   8.7117367279790359E-003
          35   8.9068068344609931E-003   8.7129326452598833E-003
          36   8.9080362932421053E-003   8.7141284962667705E-003
          37   8.9092655982331865E-003   8.7153242051614972E-003
          38   8.9104948371840059E-003   8.7165198394282516E-003
          39   8.9117239790493328E-003   8.7177153729770286E-003
          40   8.9129528713011007E-003   8.7189106853091548E-003
          41   8.9141818073429184E-003   8.7201060090259675E-003
          42   8.9154104508454880E-003   8.7213010784394571E-003
          43   8.9166390641020402E-003   8.7224961010741731E-003
          44   8.9178675754597383E-003   8.7236910187692661E-003
          45   8.9190959122534882E-003   8.7248857783837671E-003
          46   8.9203241586246745E-003   8.7260804395752085E-003
          47   8.9215522315938354E-003   8.7272749404455861E-003
          48   8.9227803790496510E-003   8.7284694822856550E-003
          49   8.9240081263965241E-003   8.7296636764139634E-003
          50   8.9252358511432810E-003   8.7308578330378365E-003
          51   8.9264635439791681E-003   8.7320519418605767E-003
          52   8.9276909995597547E-003   8.7332458409801767E-003
          53   8.9289184176173791E-003   8.7344396846256913E-003
          54   8.9301456516752888E-003   8.7356333595592969E-003
          55   8.9313727842706865E-003   8.7368269323983231E-003
          56   8.9325998379207773E-003   8.7380204212842306E-003
          57   8.9338267775074340E-003   8.7392137929016636E-003
          58   8.9350534837312912E-003   8.7404069588689470E-003
          59   8.9362801012869159E-003   8.7416000313719766E-003
          60   8.9375066456264963E-003   8.7427930228079695E-003
          61   8.9387330463802876E-003   8.7439858782925820E-003
          62   8.9399593597324530E-003   8.7451786387013255E-003
          63   8.9411855367993072E-003   8.7463712707535318E-003
          64   8.9424115541861596E-003   8.7475637521612741E-003
          65   8.9436374811843848E-003   8.7487561396937235E-003
          66   8.9448632635483871E-003   8.7499483896664402E-003
          67   8.9460889553845038E-003   8.7511405449205298E-003
          68   8.9473144948265283E-003   8.7523325555663289E-003
          69   8.9485399578599807E-003   8.7535244837477818E-003
          70   8.9497652841881055E-003   8.7547162818543516E-003
          71   8.9509904540705353E-003   8.7559079291703087E-003
          72   8.9522155090333358E-003   8.7570994656071925E-003
          73   8.9534404693005984E-003   8.7582909025887435E-003
          74   8.9546653332105135E-003   8.7594822427495191E-003
          75   8.9558900228991802E-003   8.7606734176361740E-003
          76   8.9571145755201285E-003   8.7618644631478511E-003
          77   8.9583390749051785E-003   8.7630554427647490E-003
          78   8.9595633981148903E-003   8.7642462612814651E-003
          79   8.9607876480552531E-003   8.7654369984043832E-003
          80   8.9620117406641105E-003   8.7666275881791485E-003
          81   8.9632356663840503E-003   8.7678180212615378E-003
          82   8.9644595371060811E-003   8.7690083884679314E-003
          83   8.9656832816119442E-003   8.7701986353260226E-003
          84   8.9669068507077475E-003   8.7713887158872798E-003
          85   8.9681303477883237E-003   8.7725787190755331E-003
          86   8.9693537198541930E-003   8.7737686009538799E-003
          87   8.9705770013689679E-003   8.7749583864486832E-003
          88   8.9718001058474058E-003   8.7761480086688930E-003
          89   8.9730231252653503E-003   8.7773375416312482E-003
          90   8.9742460288885842E-003   8.7785269597868646E-003
          91   8.9754687843237972E-003   8.7797162395151195E-003
          92   8.9766913815954776E-003   8.7809053665880710E-003
          93   8.9779139973924643E-003   8.7820944883057073E-003
          94   8.9791363269387352E-003   8.7832833612062431E-003
          95   8.9803586252921955E-003   8.7844721841233899E-003
          96   8.9815807670122014E-003   8.7856608603088561E-003
          97   8.9828027980423386E-003   8.7868494282887944E-003
          98   8.9840247380924033E-003   8.7880378992604789E-003
          99   8.9852464782066866E-003   8.7892261881787042E-003
         100   8.9864682181818728E-003   8.7904144566041589E-003
